347880129651015691 0 18972.59
452539190236938240 1 4929.44
424537129608019976 0 129.80
455815233676640256 0 30.78
609844612172873751 0 23181.64
621550162522931210 0 9936.48
164064542056382464 0 1673.30
269390645959852033 0 2280.92
92691132537901056 0 4935.90
628942680163876904 5 -174.23
644268214016147466 85 670.47
653736641789296640 100 9011.70
731314577513381888 100 -655.20
582323205952372736 2 0.00
316311668932083725 0 632.97
285942734219509761 0 93.78
554244766485970953 1 0
467173974061613066 0 13.20
