726861129976119366 12 6 13 0 4 29 5 15 17 22 8 21 24 16 25 11 31 9 3 1 27 28 10 30 20 14 19 26 23 32 35 34 7 2 33 18 36 42 40 38 44 41 37 43 45 39
762147235935944754 15 24 3 4 20 27 16 11 10 21 12 6 2 22 13 0 18 17 9 25 29 5 1 28 14 8 26 23 19 7 31 37 44 38
511036288074383360 14 0 16 20 13 9 10 24 19 3 1 25 21 8 23 5 2 7 4 18 11 26 15 22 6 17 12 28 27 29 34 35
719822648519163906 14 16
792257729846312960 23 9
831968460400754808 33 8 7 26 34 28 36 3 10 31 2 25 29
831975746397667380 30
867619479911137310 4 30
751894823731986443 12 30 4
845797098917199882 43 26
